0.010000    0.000000
0.011000    0.000000
0.012000    0.000001
0.013000    0.000001
0.014000    0.000001
0.015000    0.000001
0.016000    0.000001
0.017000    0.000001
0.018000    0.000001
0.019000    0.000002
0.020000    0.000002
0.021000    0.000002
0.022000    0.000002
0.023000    0.000002
0.024000    0.000003
0.025000    0.000003
0.026000    0.000003
0.027000    0.000003
0.028000    0.000004
0.029000    0.000004
0.030000    0.000004
0.031000    0.000004
0.032000    0.000005
0.033000    0.000005
0.034000    0.000005
0.035000    0.000006
0.036000    0.000006
0.037000    0.000006
0.038000    0.000007
0.039000    0.000007
0.040000    0.000008
0.041000    0.000008
0.042000    0.000009
0.043000    0.000009
0.044000    0.000009
0.045000    0.000010
0.046000    0.000010
0.047000    0.000011
0.048000    0.000011
0.049000    0.000012
0.050000    0.000013
0.051000    0.000013
0.052000    0.000014
0.053000    0.000014
0.054000    0.000015
0.055000    0.000016
0.056000    0.000016
0.057000    0.000017
0.058000    0.000018
0.059000    0.000018
0.060000    0.000019
0.061000    0.000020
0.062000    0.000021
0.063000    0.000021
0.064000    0.000022
0.065000    0.000023
0.066000    0.000024
0.067000    0.000025
0.068000    0.000026
0.069000    0.000027
0.070000    0.000028
0.071000    0.000028
0.072000    0.000029
0.073000    0.000030
0.074000    0.000031
0.075000    0.000032
0.076000    0.000034
0.077000    0.000035
0.078000    0.000036
0.079000    0.000037
0.080000    0.000038
0.081000    0.000039
0.082000    0.000040
0.083000    0.000042
0.084000    0.000043
0.085000    0.000044
0.086000    0.000045
0.087000    0.000047
0.088000    0.000048
0.089000    0.000049
0.090000    0.000051
0.091000    0.000052
0.092000    0.000054
0.093000    0.000055
0.094000    0.000057
0.095000    0.000058
0.096000    0.000060
0.097000    0.000061
0.098000    0.000063
0.099000    0.000065
0.100000    0.000066
0.101000    0.000068
0.102000    0.000070
0.103000    0.000072
0.104000    0.000073
0.105000    0.000075
0.106000    0.000077
0.107000    0.000079
0.108000    0.000081
0.109000    0.000083
0.110000    0.000085
0.111000    0.000087
0.112000    0.000089
0.113000    0.000091
0.114000    0.000093
0.115000    0.000096
0.116000    0.000098
0.117000    0.000100
0.118000    0.000103
0.119000    0.000105
0.120000    0.000107
0.121000    0.000110
0.122000    0.000112
0.123000    0.000115
0.124000    0.000117
0.125000    0.000120
0.126000    0.000122
0.127000    0.000125
0.128000    0.000128
0.129000    0.000131
0.130000    0.000133
0.131000    0.000136
0.132000    0.000139
0.133000    0.000142
0.134000    0.000145
0.135000    0.000148
0.136000    0.000151
0.137000    0.000155
0.138000    0.000158
0.139000    0.000161
0.140000    0.000164
0.141000    0.000168
0.142000    0.000171
0.143000    0.000174
0.144000    0.000178
0.145000    0.000182
0.146000    0.000185
0.147000    0.000189
0.148000    0.000193
0.149000    0.000196
0.150000    0.000200
0.151000    0.000204
0.152000    0.000208
0.153000    0.000212
0.154000    0.000216
0.155000    0.000221
0.156000    0.000225
0.157000    0.000229
0.158000    0.000233
0.159000    0.000238
0.160000    0.000242
0.161000    0.000247
0.162000    0.000252
0.163000    0.000256
0.164000    0.000261
0.165000    0.000266
0.166000    0.000271
0.167000    0.000276
0.168000    0.000281
0.169000    0.000286
0.170000    0.000291
0.171000    0.000297
0.172000    0.000302
0.173000    0.000307
0.174000    0.000313
0.175000    0.000319
0.176000    0.000324
0.177000    0.000330
0.178000    0.000336
0.179000    0.000342
0.180000    0.000348
0.181000    0.000354
0.182000    0.000360
0.183000    0.000367
0.184000    0.000373
0.185000    0.000380
0.186000    0.000386
0.187000    0.000393
0.188000    0.000400
0.189000    0.000407
0.190000    0.000414
0.191000    0.000421
0.192000    0.000428
0.193000    0.000435
0.194000    0.000443
0.195000    0.000450
0.196000    0.000458
0.197000    0.000466
0.198000    0.000474
0.199000    0.000482
0.200000    0.000490
